Matrix A:
44	88	83	36	
1	3	20	70	
69	74	74	54	
16	35	16	88	

Matrix B:
90	47	95	64	
97	25	62	16	
84	0	15	99	
91	78	39	54	

Result:
22744	7076	12285	14385	
8431	5582	3311	5872	
24518	9305	14359	15842	
14187	8491	7362	7920	

Execution Time: 0.9469 ms